#Integration time = 315000 seconds
0.000000000000000000e+00
0.000000000000000000e+00
0.000000000000000000e+00
0.000000000000000000e+00
0.000000000000000000e+00
0.000000000000000000e+00
0.000000000000000000e+00
0.000000000000000000e+00
0.000000000000000000e+00
0.000000000000000000e+00
0.000000000000000000e+00
0.000000000000000000e+00
0.000000000000000000e+00
0.000000000000000000e+00
0.000000000000000000e+00
0.000000000000000000e+00
0.000000000000000000e+00
0.000000000000000000e+00
0.000000000000000000e+00
0.000000000000000000e+00
0.000000000000000000e+00
0.000000000000000000e+00
0.000000000000000000e+00
0.000000000000000000e+00
0.000000000000000000e+00
0.000000000000000000e+00
0.000000000000000000e+00
0.000000000000000000e+00
0.000000000000000000e+00
0.000000000000000000e+00
0.000000000000000000e+00
0.000000000000000000e+00
0.000000000000000000e+00
0.000000000000000000e+00
0.000000000000000000e+00
0.000000000000000000e+00
0.000000000000000000e+00
0.000000000000000000e+00
0.000000000000000000e+00
0.000000000000000000e+00
0.000000000000000000e+00
0.000000000000000000e+00
0.000000000000000000e+00
0.000000000000000000e+00
0.000000000000000000e+00
0.000000000000000000e+00
0.000000000000000000e+00
0.000000000000000000e+00
0.000000000000000000e+00
0.000000000000000000e+00
0.000000000000000000e+00
5.100000000000000000e+02
1.008000000000000000e+03
9.970000000000000000e+02
9.510000000000000000e+02
9.400000000000000000e+02
1.023000000000000000e+03
1.008000000000000000e+03
9.670000000000000000e+02
9.340000000000000000e+02
9.390000000000000000e+02
9.120000000000000000e+02
9.400000000000000000e+02
9.310000000000000000e+02
9.090000000000000000e+02
9.480000000000000000e+02
9.270000000000000000e+02
9.690000000000000000e+02
9.340000000000000000e+02
9.020000000000000000e+02
8.580000000000000000e+02
9.090000000000000000e+02
9.460000000000000000e+02
9.210000000000000000e+02
8.850000000000000000e+02
9.280000000000000000e+02
9.490000000000000000e+02
8.960000000000000000e+02
8.640000000000000000e+02
8.760000000000000000e+02
9.510000000000000000e+02
8.470000000000000000e+02
8.640000000000000000e+02
8.350000000000000000e+02
9.000000000000000000e+02
9.200000000000000000e+02
8.330000000000000000e+02
8.650000000000000000e+02
8.890000000000000000e+02
8.340000000000000000e+02
8.320000000000000000e+02
8.780000000000000000e+02
8.550000000000000000e+02
8.900000000000000000e+02
9.330000000000000000e+02
9.550000000000000000e+02
8.550000000000000000e+02
8.940000000000000000e+02
9.030000000000000000e+02
8.520000000000000000e+02
9.130000000000000000e+02
8.900000000000000000e+02
8.670000000000000000e+02
9.650000000000000000e+02
9.360000000000000000e+02
9.810000000000000000e+02
9.520000000000000000e+02
9.230000000000000000e+02
9.630000000000000000e+02
9.430000000000000000e+02
8.400000000000000000e+02
9.290000000000000000e+02
8.960000000000000000e+02
8.990000000000000000e+02
8.250000000000000000e+02
8.690000000000000000e+02
8.310000000000000000e+02
8.480000000000000000e+02
8.080000000000000000e+02
9.030000000000000000e+02
8.930000000000000000e+02
8.950000000000000000e+02
8.930000000000000000e+02
9.200000000000000000e+02
9.990000000000000000e+02
9.490000000000000000e+02
1.058000000000000000e+03
1.048000000000000000e+03
1.130000000000000000e+03
1.140000000000000000e+03
1.087000000000000000e+03
1.205000000000000000e+03
1.157000000000000000e+03
1.251000000000000000e+03
1.264000000000000000e+03
1.296000000000000000e+03
1.288000000000000000e+03
1.339000000000000000e+03
1.385000000000000000e+03
1.374000000000000000e+03
1.430000000000000000e+03
1.484000000000000000e+03
1.558000000000000000e+03
1.552000000000000000e+03
1.496000000000000000e+03
1.548000000000000000e+03
1.568000000000000000e+03
1.534000000000000000e+03
1.537000000000000000e+03
1.522000000000000000e+03
1.553000000000000000e+03
1.518000000000000000e+03
1.432000000000000000e+03
1.482000000000000000e+03
1.468000000000000000e+03
1.381000000000000000e+03
1.432000000000000000e+03
1.310000000000000000e+03
1.406000000000000000e+03
1.436000000000000000e+03
1.354000000000000000e+03
1.306000000000000000e+03
1.378000000000000000e+03
1.272000000000000000e+03
1.322000000000000000e+03
1.290000000000000000e+03
1.321000000000000000e+03
1.327000000000000000e+03
1.336000000000000000e+03
1.335000000000000000e+03
1.317000000000000000e+03
1.350000000000000000e+03
1.339000000000000000e+03
1.301000000000000000e+03
1.330000000000000000e+03
1.379000000000000000e+03
1.299000000000000000e+03
1.347000000000000000e+03
1.335000000000000000e+03
1.320000000000000000e+03
1.321000000000000000e+03
1.404000000000000000e+03
1.298000000000000000e+03
1.375000000000000000e+03
1.390000000000000000e+03
1.318000000000000000e+03
1.327000000000000000e+03
1.372000000000000000e+03
1.371000000000000000e+03
1.396000000000000000e+03
1.291000000000000000e+03
1.294000000000000000e+03
1.392000000000000000e+03
1.359000000000000000e+03
1.327000000000000000e+03
1.386000000000000000e+03
1.401000000000000000e+03
1.394000000000000000e+03
1.305000000000000000e+03
1.470000000000000000e+03
1.401000000000000000e+03
1.389000000000000000e+03
1.414000000000000000e+03
1.506000000000000000e+03
1.503000000000000000e+03
1.513000000000000000e+03
1.542000000000000000e+03
1.518000000000000000e+03
1.551000000000000000e+03
1.642000000000000000e+03
1.538000000000000000e+03
1.612000000000000000e+03
1.599000000000000000e+03
1.526000000000000000e+03
1.506000000000000000e+03
1.499000000000000000e+03
1.440000000000000000e+03
1.387000000000000000e+03
1.425000000000000000e+03
1.345000000000000000e+03
1.413000000000000000e+03
1.328000000000000000e+03
1.414000000000000000e+03
1.398000000000000000e+03
1.408000000000000000e+03
1.461000000000000000e+03
1.502000000000000000e+03
1.378000000000000000e+03
1.344000000000000000e+03
1.433000000000000000e+03
1.436000000000000000e+03
1.426000000000000000e+03
1.368000000000000000e+03
1.422000000000000000e+03
1.385000000000000000e+03
1.365000000000000000e+03
1.352000000000000000e+03
1.416000000000000000e+03
1.378000000000000000e+03
1.425000000000000000e+03
1.361000000000000000e+03
1.400000000000000000e+03
1.455000000000000000e+03
1.355000000000000000e+03
1.407000000000000000e+03
1.456000000000000000e+03
1.492000000000000000e+03
1.519000000000000000e+03
1.645000000000000000e+03
1.692000000000000000e+03
1.725000000000000000e+03
1.924000000000000000e+03
2.042000000000000000e+03
2.231000000000000000e+03
2.419000000000000000e+03
2.842000000000000000e+03
3.101000000000000000e+03
3.352000000000000000e+03
3.597000000000000000e+03
3.831000000000000000e+03
4.013000000000000000e+03
3.989000000000000000e+03
3.901000000000000000e+03
3.799000000000000000e+03
3.603000000000000000e+03
3.192000000000000000e+03
2.944000000000000000e+03
2.734000000000000000e+03
2.463000000000000000e+03
2.214000000000000000e+03
2.136000000000000000e+03
2.053000000000000000e+03
1.961000000000000000e+03
1.947000000000000000e+03
2.021000000000000000e+03
2.140000000000000000e+03
2.351000000000000000e+03
2.612000000000000000e+03
2.906000000000000000e+03
3.311000000000000000e+03
3.774000000000000000e+03
4.479000000000000000e+03
5.479000000000000000e+03
6.664000000000000000e+03
8.118000000000000000e+03
9.619000000000000000e+03
1.156000000000000000e+04
1.369700000000000000e+04
1.609600000000000000e+04
1.820700000000000000e+04
2.037700000000000000e+04
2.216100000000000000e+04
2.307700000000000000e+04
2.306400000000000000e+04
2.246900000000000000e+04
2.124700000000000000e+04
1.937900000000000000e+04
1.694200000000000000e+04
1.432300000000000000e+04
1.208700000000000000e+04
9.714000000000000000e+03
7.526000000000000000e+03
6.132000000000000000e+03
4.940000000000000000e+03
3.844000000000000000e+03
3.207000000000000000e+03
2.836000000000000000e+03
2.613000000000000000e+03
2.519000000000000000e+03
2.561000000000000000e+03
2.659000000000000000e+03
2.882000000000000000e+03
3.085000000000000000e+03
3.308000000000000000e+03
3.475000000000000000e+03
3.733000000000000000e+03
3.947000000000000000e+03
4.216000000000000000e+03
4.149000000000000000e+03
4.225000000000000000e+03
4.191000000000000000e+03
4.042000000000000000e+03
3.914000000000000000e+03
3.697000000000000000e+03
3.717000000000000000e+03
3.627000000000000000e+03
3.759000000000000000e+03
3.757000000000000000e+03
4.097000000000000000e+03
4.424000000000000000e+03
4.652000000000000000e+03
5.096000000000000000e+03
5.226000000000000000e+03
5.526000000000000000e+03
5.725000000000000000e+03
5.831000000000000000e+03
5.711000000000000000e+03
5.577000000000000000e+03
5.369000000000000000e+03
5.038000000000000000e+03
4.705000000000000000e+03
4.352000000000000000e+03
4.049000000000000000e+03
3.798000000000000000e+03
3.749000000000000000e+03
3.600000000000000000e+03
3.386000000000000000e+03
3.329000000000000000e+03
3.363000000000000000e+03
3.172000000000000000e+03
3.266000000000000000e+03
3.196000000000000000e+03
3.285000000000000000e+03
3.123000000000000000e+03
3.336000000000000000e+03
3.176000000000000000e+03
3.198000000000000000e+03
3.289000000000000000e+03
3.209000000000000000e+03
3.281000000000000000e+03
3.322000000000000000e+03
3.339000000000000000e+03
3.213000000000000000e+03
3.154000000000000000e+03
3.197000000000000000e+03
3.173000000000000000e+03
3.133000000000000000e+03
3.161000000000000000e+03
3.122000000000000000e+03
3.066000000000000000e+03
3.106000000000000000e+03
3.130000000000000000e+03
3.082000000000000000e+03
3.224000000000000000e+03
3.196000000000000000e+03
3.397000000000000000e+03
3.549000000000000000e+03
3.648000000000000000e+03
3.796000000000000000e+03
4.010000000000000000e+03
4.219000000000000000e+03
4.434000000000000000e+03
4.741000000000000000e+03
5.035000000000000000e+03
5.323000000000000000e+03
5.716000000000000000e+03
6.085000000000000000e+03
6.849000000000000000e+03
7.387000000000000000e+03
8.283000000000000000e+03
9.527000000000000000e+03
1.151200000000000000e+04
1.385600000000000000e+04
1.744600000000000000e+04
2.316900000000000000e+04
3.107800000000000000e+04
4.267000000000000000e+04
5.900200000000000000e+04
8.220800000000000000e+04
1.144810000000000000e+05
1.597200000000000000e+05
2.217800000000000000e+05
3.064420000000000000e+05
4.223120000000000000e+05
5.761230000000000000e+05
7.812800000000000000e+05
1.043675000000000000e+06
1.368999000000000000e+06
1.766973000000000000e+06
2.228343000000000000e+06
2.736681000000000000e+06
3.269050000000000000e+06
3.791217000000000000e+06
4.266100000000000000e+06
4.643623000000000000e+06
4.900560000000000000e+06
4.992606000000000000e+06
4.917146000000000000e+06
4.679878000000000000e+06
4.306686000000000000e+06
3.830131000000000000e+06
3.289519000000000000e+06
2.738528000000000000e+06
2.200798000000000000e+06
1.715425000000000000e+06
1.297398000000000000e+06
9.499720000000000000e+05
6.751790000000000000e+05
4.698140000000000000e+05
3.182730000000000000e+05
2.118530000000000000e+05
1.394600000000000000e+05
9.247100000000000000e+04
6.279100000000000000e+04
4.451300000000000000e+04
3.461400000000000000e+04
3.030100000000000000e+04
2.916500000000000000e+04
3.117300000000000000e+04
3.526400000000000000e+04
4.210600000000000000e+04
5.103200000000000000e+04
6.357200000000000000e+04
8.108200000000000000e+04
1.029300000000000000e+05
1.324360000000000000e+05
1.699690000000000000e+05
2.173730000000000000e+05
2.789820000000000000e+05
3.505170000000000000e+05
4.354860000000000000e+05
5.290950000000000000e+05
6.314190000000000000e+05
7.345990000000000000e+05
8.320550000000000000e+05
9.181300000000000000e+05
9.830450000000000000e+05
1.021493000000000000e+06
1.028220000000000000e+06
1.003604000000000000e+06
9.502150000000000000e+05
8.706880000000000000e+05
7.736110000000000000e+05
6.651940000000000000e+05
5.536530000000000000e+05
4.485490000000000000e+05
3.501100000000000000e+05
2.665270000000000000e+05
1.975660000000000000e+05
1.417650000000000000e+05
9.949500000000000000e+04
6.810200000000000000e+04
4.516600000000000000e+04
2.960500000000000000e+04
1.893200000000000000e+04
1.207700000000000000e+04
7.670000000000000000e+03
4.928000000000000000e+03
3.414000000000000000e+03
2.418000000000000000e+03
1.810000000000000000e+03
1.521000000000000000e+03
1.300000000000000000e+03
1.201000000000000000e+03
1.133000000000000000e+03
1.107000000000000000e+03
1.034000000000000000e+03
9.370000000000000000e+02
8.660000000000000000e+02
8.580000000000000000e+02
8.670000000000000000e+02
8.040000000000000000e+02
7.590000000000000000e+02
7.330000000000000000e+02
6.760000000000000000e+02
6.750000000000000000e+02
6.660000000000000000e+02
6.300000000000000000e+02
6.150000000000000000e+02
5.690000000000000000e+02
5.450000000000000000e+02
5.630000000000000000e+02
5.090000000000000000e+02
5.120000000000000000e+02
4.340000000000000000e+02
4.360000000000000000e+02
4.340000000000000000e+02
3.960000000000000000e+02
3.480000000000000000e+02
3.840000000000000000e+02
3.640000000000000000e+02
3.810000000000000000e+02
3.430000000000000000e+02
3.190000000000000000e+02
3.590000000000000000e+02
3.580000000000000000e+02
3.150000000000000000e+02
2.920000000000000000e+02
3.400000000000000000e+02
3.120000000000000000e+02
2.970000000000000000e+02
3.170000000000000000e+02
3.100000000000000000e+02
3.060000000000000000e+02
2.780000000000000000e+02
3.030000000000000000e+02
2.810000000000000000e+02
3.090000000000000000e+02
2.920000000000000000e+02
2.880000000000000000e+02
3.100000000000000000e+02
3.120000000000000000e+02
2.610000000000000000e+02
2.740000000000000000e+02
2.850000000000000000e+02
2.840000000000000000e+02
2.550000000000000000e+02
2.900000000000000000e+02
2.740000000000000000e+02
2.920000000000000000e+02
3.070000000000000000e+02
2.720000000000000000e+02
2.400000000000000000e+02
2.750000000000000000e+02
2.820000000000000000e+02
3.060000000000000000e+02
2.620000000000000000e+02
2.660000000000000000e+02
2.670000000000000000e+02
2.550000000000000000e+02
2.850000000000000000e+02
2.670000000000000000e+02
2.500000000000000000e+02
2.670000000000000000e+02
2.660000000000000000e+02
2.800000000000000000e+02
2.440000000000000000e+02
2.640000000000000000e+02
2.550000000000000000e+02
2.670000000000000000e+02
2.450000000000000000e+02
2.280000000000000000e+02
2.670000000000000000e+02
2.600000000000000000e+02
2.000000000000000000e+02
2.690000000000000000e+02
2.600000000000000000e+02
2.530000000000000000e+02
2.260000000000000000e+02
2.640000000000000000e+02
2.670000000000000000e+02
2.500000000000000000e+02
2.430000000000000000e+02
2.620000000000000000e+02
2.350000000000000000e+02
2.350000000000000000e+02
2.470000000000000000e+02
2.380000000000000000e+02
2.210000000000000000e+02
2.220000000000000000e+02
2.350000000000000000e+02
2.360000000000000000e+02
2.340000000000000000e+02
2.220000000000000000e+02
2.310000000000000000e+02
2.180000000000000000e+02
2.320000000000000000e+02
2.250000000000000000e+02
2.160000000000000000e+02
2.310000000000000000e+02
2.240000000000000000e+02
2.400000000000000000e+02
2.410000000000000000e+02
2.650000000000000000e+02
2.330000000000000000e+02
2.530000000000000000e+02
2.560000000000000000e+02
2.370000000000000000e+02
2.270000000000000000e+02
2.500000000000000000e+02
2.070000000000000000e+02
2.210000000000000000e+02
2.320000000000000000e+02
2.620000000000000000e+02
2.190000000000000000e+02
2.200000000000000000e+02
2.090000000000000000e+02
1.850000000000000000e+02
2.280000000000000000e+02
2.290000000000000000e+02
2.320000000000000000e+02
2.400000000000000000e+02
2.490000000000000000e+02
2.150000000000000000e+02
2.150000000000000000e+02
2.100000000000000000e+02
2.120000000000000000e+02
2.250000000000000000e+02
2.240000000000000000e+02
2.210000000000000000e+02
2.060000000000000000e+02
2.310000000000000000e+02
2.100000000000000000e+02
2.200000000000000000e+02
2.390000000000000000e+02
2.260000000000000000e+02
1.970000000000000000e+02
2.100000000000000000e+02
2.190000000000000000e+02
1.790000000000000000e+02
1.950000000000000000e+02
2.030000000000000000e+02
2.230000000000000000e+02
1.870000000000000000e+02
1.860000000000000000e+02
2.220000000000000000e+02
2.060000000000000000e+02
1.900000000000000000e+02
2.020000000000000000e+02
2.090000000000000000e+02
1.910000000000000000e+02
1.910000000000000000e+02
1.860000000000000000e+02
1.860000000000000000e+02
1.900000000000000000e+02
2.370000000000000000e+02
2.120000000000000000e+02
1.910000000000000000e+02
2.100000000000000000e+02
2.110000000000000000e+02
2.170000000000000000e+02
2.020000000000000000e+02
2.130000000000000000e+02
1.910000000000000000e+02
1.900000000000000000e+02
2.010000000000000000e+02
1.990000000000000000e+02
1.870000000000000000e+02
2.100000000000000000e+02
1.950000000000000000e+02
2.150000000000000000e+02
1.820000000000000000e+02
1.990000000000000000e+02
2.010000000000000000e+02
1.860000000000000000e+02
1.900000000000000000e+02
1.900000000000000000e+02
2.060000000000000000e+02
1.960000000000000000e+02
1.850000000000000000e+02
1.800000000000000000e+02
1.800000000000000000e+02
1.840000000000000000e+02
1.880000000000000000e+02
2.070000000000000000e+02
2.070000000000000000e+02
1.860000000000000000e+02
1.780000000000000000e+02
1.810000000000000000e+02
1.810000000000000000e+02
1.580000000000000000e+02
1.850000000000000000e+02
2.080000000000000000e+02
2.020000000000000000e+02
1.900000000000000000e+02
1.630000000000000000e+02
1.620000000000000000e+02
1.890000000000000000e+02
1.620000000000000000e+02
1.730000000000000000e+02
1.880000000000000000e+02
1.820000000000000000e+02
1.610000000000000000e+02
2.010000000000000000e+02
1.830000000000000000e+02
1.940000000000000000e+02
1.890000000000000000e+02
1.790000000000000000e+02
1.710000000000000000e+02
1.660000000000000000e+02
2.190000000000000000e+02
1.930000000000000000e+02
1.930000000000000000e+02
1.810000000000000000e+02
1.810000000000000000e+02
1.730000000000000000e+02
1.640000000000000000e+02
1.740000000000000000e+02
1.990000000000000000e+02
1.590000000000000000e+02
1.770000000000000000e+02
1.730000000000000000e+02
1.980000000000000000e+02
1.580000000000000000e+02
1.590000000000000000e+02
1.620000000000000000e+02
1.850000000000000000e+02
2.070000000000000000e+02
1.910000000000000000e+02
1.810000000000000000e+02
2.100000000000000000e+02
1.640000000000000000e+02
1.830000000000000000e+02
1.920000000000000000e+02
1.930000000000000000e+02
1.840000000000000000e+02
1.550000000000000000e+02
1.800000000000000000e+02
1.700000000000000000e+02
1.680000000000000000e+02
1.930000000000000000e+02
1.900000000000000000e+02
1.660000000000000000e+02
1.660000000000000000e+02
1.820000000000000000e+02
1.990000000000000000e+02
1.870000000000000000e+02
1.670000000000000000e+02
1.760000000000000000e+02
1.750000000000000000e+02
1.980000000000000000e+02
1.740000000000000000e+02
2.130000000000000000e+02
1.850000000000000000e+02
1.680000000000000000e+02
1.830000000000000000e+02
1.720000000000000000e+02
1.680000000000000000e+02
1.750000000000000000e+02
1.930000000000000000e+02
1.860000000000000000e+02
1.830000000000000000e+02
1.640000000000000000e+02
1.740000000000000000e+02
1.710000000000000000e+02
1.590000000000000000e+02
1.790000000000000000e+02
1.950000000000000000e+02
1.910000000000000000e+02
1.600000000000000000e+02
1.730000000000000000e+02
1.510000000000000000e+02
1.660000000000000000e+02
1.650000000000000000e+02
1.890000000000000000e+02
1.720000000000000000e+02
1.660000000000000000e+02
1.800000000000000000e+02
1.640000000000000000e+02
1.800000000000000000e+02
1.570000000000000000e+02
1.790000000000000000e+02
1.620000000000000000e+02
1.860000000000000000e+02
1.690000000000000000e+02
1.890000000000000000e+02
1.800000000000000000e+02
1.650000000000000000e+02
1.640000000000000000e+02
1.500000000000000000e+02
1.650000000000000000e+02
1.590000000000000000e+02
1.740000000000000000e+02
1.700000000000000000e+02
1.830000000000000000e+02
1.400000000000000000e+02
1.450000000000000000e+02
1.620000000000000000e+02
1.650000000000000000e+02
1.750000000000000000e+02
1.620000000000000000e+02
1.450000000000000000e+02
1.790000000000000000e+02
1.580000000000000000e+02
1.730000000000000000e+02
1.690000000000000000e+02
2.130000000000000000e+02
1.960000000000000000e+02
1.810000000000000000e+02
1.650000000000000000e+02
1.920000000000000000e+02
1.860000000000000000e+02
1.820000000000000000e+02
1.810000000000000000e+02
1.770000000000000000e+02
1.970000000000000000e+02
2.000000000000000000e+02
2.040000000000000000e+02
1.840000000000000000e+02
2.060000000000000000e+02
2.190000000000000000e+02
2.130000000000000000e+02
2.100000000000000000e+02
2.150000000000000000e+02
2.040000000000000000e+02
2.540000000000000000e+02
2.400000000000000000e+02
2.250000000000000000e+02
2.540000000000000000e+02
2.170000000000000000e+02
2.360000000000000000e+02
2.580000000000000000e+02
2.510000000000000000e+02
2.550000000000000000e+02
2.650000000000000000e+02
2.570000000000000000e+02
2.710000000000000000e+02
2.900000000000000000e+02
2.630000000000000000e+02
2.810000000000000000e+02
2.750000000000000000e+02
2.750000000000000000e+02
2.670000000000000000e+02
2.290000000000000000e+02
2.380000000000000000e+02
2.260000000000000000e+02
2.010000000000000000e+02
1.920000000000000000e+02
1.710000000000000000e+02
1.470000000000000000e+02
1.380000000000000000e+02
1.380000000000000000e+02
1.270000000000000000e+02
1.040000000000000000e+02
7.900000000000000000e+01
1.290000000000000000e+02
8.800000000000000000e+01
1.040000000000000000e+02
1.130000000000000000e+02
8.600000000000000000e+01
9.300000000000000000e+01
1.080000000000000000e+02
7.900000000000000000e+01
8.300000000000000000e+01
1.090000000000000000e+02
1.040000000000000000e+02
9.700000000000000000e+01
1.100000000000000000e+02
1.230000000000000000e+02
1.200000000000000000e+02
9.700000000000000000e+01
1.370000000000000000e+02
1.220000000000000000e+02
1.140000000000000000e+02
1.340000000000000000e+02
1.390000000000000000e+02
1.300000000000000000e+02
1.250000000000000000e+02
1.400000000000000000e+02
1.280000000000000000e+02
1.140000000000000000e+02
1.100000000000000000e+02
1.200000000000000000e+02
1.060000000000000000e+02
1.210000000000000000e+02
1.120000000000000000e+02
8.800000000000000000e+01
9.900000000000000000e+01
7.800000000000000000e+01
8.900000000000000000e+01
9.100000000000000000e+01
5.200000000000000000e+01
7.800000000000000000e+01
7.200000000000000000e+01
5.800000000000000000e+01
6.200000000000000000e+01
7.300000000000000000e+01
7.400000000000000000e+01
6.800000000000000000e+01
5.400000000000000000e+01
5.700000000000000000e+01
7.400000000000000000e+01
6.100000000000000000e+01
6.600000000000000000e+01
5.600000000000000000e+01
5.700000000000000000e+01
5.500000000000000000e+01
5.800000000000000000e+01
5.800000000000000000e+01
5.000000000000000000e+01
5.500000000000000000e+01
5.600000000000000000e+01
6.500000000000000000e+01
4.600000000000000000e+01
5.000000000000000000e+01
5.100000000000000000e+01
4.300000000000000000e+01
6.300000000000000000e+01
4.300000000000000000e+01
3.900000000000000000e+01
4.800000000000000000e+01
2.800000000000000000e+01
3.700000000000000000e+01
4.400000000000000000e+01
5.700000000000000000e+01
3.900000000000000000e+01
4.200000000000000000e+01
4.100000000000000000e+01
3.900000000000000000e+01
4.100000000000000000e+01
4.200000000000000000e+01
3.700000000000000000e+01
3.600000000000000000e+01
4.000000000000000000e+01
4.300000000000000000e+01
4.200000000000000000e+01
3.400000000000000000e+01
3.200000000000000000e+01
3.900000000000000000e+01
4.100000000000000000e+01
3.700000000000000000e+01
3.900000000000000000e+01
3.400000000000000000e+01
3.900000000000000000e+01
2.600000000000000000e+01
2.600000000000000000e+01
3.400000000000000000e+01
3.800000000000000000e+01
2.500000000000000000e+01
2.900000000000000000e+01
3.400000000000000000e+01
3.400000000000000000e+01
2.600000000000000000e+01
3.300000000000000000e+01
3.300000000000000000e+01
3.100000000000000000e+01
4.000000000000000000e+01
3.200000000000000000e+01
2.900000000000000000e+01
2.600000000000000000e+01
2.800000000000000000e+01
3.900000000000000000e+01
3.700000000000000000e+01
3.300000000000000000e+01
3.000000000000000000e+01
2.100000000000000000e+01
4.500000000000000000e+01
2.600000000000000000e+01
3.300000000000000000e+01
2.800000000000000000e+01
2.800000000000000000e+01
2.600000000000000000e+01
2.900000000000000000e+01
2.500000000000000000e+01
2.500000000000000000e+01
2.900000000000000000e+01
3.300000000000000000e+01
3.500000000000000000e+01
2.800000000000000000e+01
2.800000000000000000e+01
3.200000000000000000e+01
2.700000000000000000e+01
2.700000000000000000e+01
3.100000000000000000e+01
2.300000000000000000e+01
3.300000000000000000e+01
3.300000000000000000e+01
2.900000000000000000e+01
2.300000000000000000e+01
3.800000000000000000e+01
3.100000000000000000e+01
1.900000000000000000e+01
2.700000000000000000e+01
1.900000000000000000e+01
3.100000000000000000e+01
3.000000000000000000e+01
3.000000000000000000e+01
3.000000000000000000e+01
2.700000000000000000e+01
2.200000000000000000e+01
2.800000000000000000e+01
2.700000000000000000e+01
3.500000000000000000e+01
2.800000000000000000e+01
3.000000000000000000e+01
2.600000000000000000e+01
3.100000000000000000e+01
3.000000000000000000e+01
2.200000000000000000e+01
2.500000000000000000e+01
3.000000000000000000e+01
1.800000000000000000e+01
3.200000000000000000e+01
2.500000000000000000e+01
2.300000000000000000e+01
3.000000000000000000e+01
1.900000000000000000e+01
2.100000000000000000e+01
2.700000000000000000e+01
3.200000000000000000e+01
3.600000000000000000e+01
2.900000000000000000e+01
2.300000000000000000e+01
3.900000000000000000e+01
2.700000000000000000e+01
2.000000000000000000e+01
2.300000000000000000e+01
1.900000000000000000e+01
1.800000000000000000e+01
2.700000000000000000e+01
3.400000000000000000e+01
2.400000000000000000e+01
3.100000000000000000e+01
2.400000000000000000e+01
