      6.02000      1.00000    0.0837703      1.00000      0.00000      0.00000      0.00000
      6.04000      1.00000    0.0877182      1.00000      0.00000      0.00000      0.00000
      6.10000      1.00000     0.100714      1.00000      0.00000      0.00000      0.00000
      6.20000      1.00000     0.126791      1.00000      0.00000      0.00000      0.00000
      6.30000      1.00000     0.159621      1.00000      0.00000      0.00000      0.00000
      6.50000      1.00000     0.252982      1.00000      0.00000      0.00000      0.00000
      6.70000      1.00000     0.400950      1.00000      0.00000      0.00000      0.00000
      7.00000      1.00000     0.800000      1.00000      0.00000      0.00000      0.00000
      7.30000      1.00000      1.59621      1.00000      0.00000      0.00000      0.00000
      7.50000      1.00000      2.52982      1.00000      0.00000      0.00000      0.00000
